name: runlistcompare3
channels:
  - bioconda
  - defaults
  - conda-forge
dependencies:
  - atomicwrites=1.3.0=py_0
  - attrs=19.1.0=py_0
  - biopython=1.73=py37h1de35cc_0
  - blas=1.0=mkl
  - ca-certificates=2019.1.23=0
  - certifi=2019.3.9=py37_0
  - clonalframeml=1.11=h470a237_1
  - decorator=4.4.0=py_0
  - freetype=2.9.1=hb4e5f40_0
  - intel-openmp=2019.3=199
  - iqtree=1.6.10=h5c9b4e4_0
  - jpeg=9b=he5867d9_2
  - libcxx=4.0.1=hcfea43d_1
  - libcxxabi=4.0.1=hcfea43d_1
  - libedit=3.1.20181209=hb402a30_0
  - libffi=3.2.1=1
  - libgfortran=3.0.1=h93005f0_2
  - libpng=1.6.36=ha441bb4_0
  - libtiff=4.0.10=hcb84e12_2
  - llvm-openmp=8.0.0=h770b8ee_0
  - mkl=2018.0.3=1
  - mkl_fft=1.0.6=py37hb8a8100_0
  - mkl_random=1.0.1=py37h5d10147_1
  - mmtf-python=1.1.2=py_0
  - more-itertools=6.0.0=py37_0
  - mpi=1.0=openmpi
  - msgpack-python=0.6.1=py37h04f5b5a_1
  - ncurses=6.1=h0a44026_1
  - networkx=2.2=py37_1
  - numpy=1.15.4=py37h6a91979_0
  - numpy-base=1.15.4=py37h8a80b8c_0
  - olefile=0.46=py37_0
  - openmp=8.0.0=0
  - openmpi=3.1.3=h71abe9c_1001
  - openssl=1.0.2r=h1de35cc_0
  - pathlib2=2.3.3=py37_0
  - phyml=3.3.20180621=h470a237_0
  - pillow=5.4.1=py37hb68e598_0
  - pip=19.0.3=py37_0
  - pluggy=0.9.0=py37_0
  - py=1.8.0=py37_0
  - pytest=4.4.0=py37_1
  - python=3.7.0=hc167b69_0
  - readline=7.0=h1de35cc_5
  - reportlab=3.5.13=py37hdea1bd8_0
  - setuptools=41.0.0=py37_0
  - six=1.12.0=py37_0
  - sqlite=3.27.2=ha441bb4_0
  - tk=8.6.8=ha441bb4_0
  - treeswift=1.1.0=py_0
  - wheel=0.33.1=py37_0
  - xz=5.2.4=h1de35cc_4
  - zlib=1.2.11=h1de35cc_3
  - zstd=1.3.7=h5bba6e5_0

